IndicBERT

Over all the predicted words over all 9 labels

BERT Model
MACRO-f1  : 0.505228
Metric    :     O    :   B-PER  :   I-PER  :   B-ORG  :   I-ORG  :   B-LOC  :   I-LOC  :  B-MISC  :  I-MISC
Precision : 0.811083 : 0.600000 : 0.750000 : 0.684211 : 0.652174 : 0.500000 : 0.250000 : 0.000000 : 0.000000
Recall    : 0.952663 : 0.900000 : 0.750000 : 0.565217 : 0.714286 : 0.500000 : 1.000000 : 0.000000 : 0.000000
f1        : 0.876190 : 0.720000 : 0.750000 : 0.619048 : 0.681818 : 0.500000 : 0.400000 : 0.000000 : 0.000000
Prec_all  : 0.781513
Recall_all: 0.781513
f1_all    : 0.781513

GPT
MACRO-f1  : 0.205683
Metric    :     O    :   B-PER  :   I-PER  :   B-ORG  :   I-ORG  :   B-LOC  :   I-LOC  :  B-MISC  :  I-MISC
Precision : 0.755556 : 0.571429 : 0.500000 : 0.000000 : 0.000000 : 0.000000 : 0.000000 : 1.000000 : 1.000000
Recall    : 0.984211 : 0.400000 : 0.333333 : 0.000000 : 0.000000 : 0.000000 : 0.000000 : 0.040000 : 0.025000
f1        : 0.854857 : 0.470588 : 0.400000 : 0.000000 : 0.000000 : 0.000000 : 0.000000 : 0.076923 : 0.048780
Prec_all  : 0.741313
Recall_all: 0.741313
f1_all    : 0.741313
