IndicNER

Over all the predicted words over all 9 labels

NER Model
MACRO-f1  : 0.591404
Metric    :     O    :   B-PER  :   I-PER  :   B-ORG  :   I-ORG  :   B-LOC  :   I-LOC  :  B-MISC  :  I-MISC
Precision : 0.825991 : 0.750000 : 1.000000 : 0.857143 : 0.611111 : 0.714286 : 0.500000 : 0.000000 : 0.000000
Recall    : 0.986842 : 0.900000 : 0.916667 : 0.521739 : 0.523810 : 0.833333 : 1.000000 : 0.000000 : 0.000000
f1        : 0.899281 : 0.818182 : 0.956522 : 0.648649 : 0.564103 : 0.769231 : 0.666667 : 0.000000 : 0.000000
Prec_all  : 0.818533
Recall_all: 0.818533
f1_all    : 0.818533

GPT
MACRO-f1  : 0.205683
Metric    :     O    :   B-PER  :   I-PER  :   B-ORG  :   I-ORG  :   B-LOC  :   I-LOC  :  B-MISC  :  I-MISC
Precision : 0.755556 : 0.571429 : 0.500000 : 0.000000 : 0.000000 : 0.000000 : 0.000000 : 1.000000 : 1.000000
Recall    : 0.984211 : 0.400000 : 0.333333 : 0.000000 : 0.000000 : 0.000000 : 0.000000 : 0.040000 : 0.025000
f1        : 0.854857 : 0.470588 : 0.400000 : 0.000000 : 0.000000 : 0.000000 : 0.000000 : 0.076923 : 0.048780
Prec_all  : 0.741313
Recall_all: 0.741313
f1_all    : 0.741313
